.Random.seed <-
c(403L, 402L, -482971941L, -992432803L, -910334333L, 1282302679L, 
1300343799L, -1047043207L, 1124977169L, -2112239561L, -851390868L, 
1958801218L, -1729971078L, 1740533471L, 1594610656L, 491446272L, 
257650441L, -437569780L, -885718865L, -1846692832L, 1607569216L, 
31507886L, 540564293L, -1431423148L, -1098508885L, 1201180286L, 
1838935056L, -1040605353L, 1493114547L, -1528817005L, 1361676L, 
1653863492L, 993814917L, 2048651114L, 898017921L, 578185155L, 
489929271L, -1065002436L, -1012778855L, 1881381324L, -1704418681L, 
-621760715L, -295767298L, 622928787L, -2127281289L, 426197248L, 
-1708370224L, 69926315L, -790471847L, 448417488L, 1932747561L, 
-262370875L, 968314046L, -982774231L, 920173077L, -512076155L, 
-1491244237L, 1444664420L, 887364496L, -1785808251L, -518931853L, 
501305348L, 507636209L, -761266303L, -1275305045L, -1343462747L, 
993443593L, 1022994690L, -1986692801L, -1028618200L, 2070345613L, 
42685860L, -347490315L, 2030273593L, 1652990154L, 360089324L, 
2042188725L, -598181274L, -1253754540L, -19709260L, 1950605139L, 
-1251401658L, 1859819033L, -444069783L, -337087181L, 822279089L, 
1193774489L, 1726949581L, -172981882L, -788831226L, 1189083532L, 
-1042546040L, 1525121807L, -1288189188L, -444857536L, -448232122L, 
1670280015L, 1805283331L, 752709145L, 1820332150L, 907987967L, 
1274207456L, -821730626L, 68194532L, -1915003345L, 791473327L, 
-247874229L, 1118344574L, -1576201135L, 555514457L, -1779098171L, 
-1402596783L, 2057604522L, -899192637L, 231446390L, -2081163437L, 
-68168244L, 650648129L, -321065945L, -1151528052L, -74172702L, 
1237856180L, 2072867693L, -2037707858L, -692524581L, -1103606369L, 
863392720L, 1047147592L, -1511378974L, 177852883L, -1441320060L, 
-328409098L, 1712155459L, 640838949L, -1408003873L, 1718599953L, 
-1806993174L, -1437596042L, -1886778325L, -39298634L, 1960452360L, 
902673799L, -2052788103L, -74227018L, 871917836L, -1867751985L, 
-1578200847L, -1950552646L, 793572701L, 677789916L, 1159118997L, 
-1530006490L, 861550164L, -1355399233L, 259917247L, -2126615607L, 
-1973344278L, -344879824L, 1353061827L, 604541005L, -1341418137L, 
127209313L, 2058824519L, 2028861291L, 250654174L, 1081761922L, 
-1883735774L, 692151283L, -2044608274L, 143411702L, 1427194254L, 
769362754L, -1474348751L, 479564299L, -1471609004L, 1915341623L, 
2129616973L, -1643413433L, -1127613505L, -219250768L, 94837288L, 
1062978439L, 1274116366L, -1795827376L, -578449614L, 1273822388L, 
300134423L, -1675597225L, 143689636L, 885364200L, 1195261600L, 
1253937922L, -1099823890L, -1631489067L, -243990923L, 1482753997L, 
-1024407113L, 471212151L, 1037424493L, 1371169986L, 90842459L, 
-1718866283L, -1929384895L, -1260085288L, 1715804101L, -1418141369L, 
891391247L, 156328036L, 340285401L, 1553347347L, -763054965L, 
-1983539715L, 1451285630L, 1458433937L, 1869130824L, -1683061036L, 
-1254248251L, -797430292L, 607250160L, -1223717129L, -2035116627L, 
1713690195L, 2143547814L, 1124154137L, -432015140L, 324559272L, 
-1316177486L, -1150001909L, 1624284320L, 1765731956L, 1644779714L, 
89406039L, -368980226L, -1589650559L, -1405674853L, 982638054L, 
344231837L, 483117203L, 1987615850L, 959204772L, 1891165983L, 
971825214L, -1091746064L, -1116187823L, -1506808318L, -90981988L, 
45533011L, -144680085L, -1764098738L, -2101456551L, 1222645055L, 
-1298168103L, -83457923L, -252683837L, -1999803718L, 1603197895L, 
-2116301488L, 618440957L, 2084613529L, -612086533L, -2070442155L, 
-492358755L, 84467582L, -1225366320L, -479002186L, -462183831L, 
2127984331L, 1727057353L, 208926079L, -9215368L, -1781366345L, 
-1330792250L, -1027604075L, -866193543L, 617708602L, -732715904L, 
-447197537L, -986660689L, 1046542037L, -1181687364L, 81250404L, 
1887187523L, -666660155L, -350581098L, 209911352L, -704865981L, 
1598074957L, 1977421769L, 1294213266L, -461735353L, 1605930858L, 
145194002L, -2033054384L, 1848456703L, 1506950463L, -326965667L, 
-1861311034L, 1459297599L, 1818344205L, -17435787L, -671334966L, 
-1117639051L, -881528813L, 159298120L, 1385562801L, -1171135918L, 
-255351398L, 1857634607L, 1614196330L, 1195524042L, 501028008L, 
-1248284275L, -1805113079L, 1112870627L, -112692237L, 29821630L, 
1696591806L, -1093527573L, -1885312252L, -683544909L, -49818937L, 
1819344751L, 375065802L, 294228760L, -1185613077L, 489162624L, 
-355275435L, 1663076764L, 199127578L, 2031911669L, 136670450L, 
-155303698L, -1999738775L, -1786230137L, 1112490402L, -1381943947L, 
1391375691L, 1571764676L, -454983966L, -1772753841L, 1493893881L, 
-1308944363L, 1473161243L, -968127620L, 1912569625L, -1637872667L, 
1841114294L, -813361835L, -880286010L, -730114068L, 135334694L, 
951132676L, 926458681L, 53877162L, 323967491L, -677837890L, -416388756L, 
1864632218L, -1714703091L, 1230565603L, -1124344262L, 563351779L, 
-2072741449L, 1770638651L, 1300082802L, 685930632L, 1072164867L, 
487543056L, 1640301779L, 673538521L, -1288514424L, -903912851L, 
-399979781L, -1497915931L, -2139031218L, 1097115468L, -330393564L, 
1885489720L, -1633812078L, 1423650439L, -2009310886L, -1016558844L, 
-2141187725L, 816425157L, 907419516L, 1451191768L, -1410988727L, 
-1903286047L, 1948383431L, 1710674126L, 2131845482L, 1817655346L, 
2043162564L, 469747187L, 744773613L, -2088299224L, 903005379L, 
180511097L, 162885855L, -1524252354L, -1909535758L, -1493861121L, 
-1579073102L, 384198539L, -1461979933L, -1385906834L, 1316239182L, 
1187445276L, 1957330711L, 1016267996L, 479254380L, 589796131L, 
-1795540866L, 1473991655L, 1376627041L, -959586092L, 1304905125L, 
-1950364377L, 1822155588L, 1079540159L, 19894822L, 1944112996L, 
1832031335L, 93026969L, -1281087546L, -351455203L, 16390402L, 
-1022807328L, -1777490174L, -556839415L, -1832646811L, -158361821L, 
-348090254L, -1654004677L, 1690652914L, 41325762L, -1201574224L, 
662881353L, 18198294L, 1964947766L, -1618581497L, -2074855477L, 
-2038376539L, -1875118116L, -1632910668L, 1014927615L, 2105033486L, 
-1807893255L, 419655566L, -371334704L, -827902266L, 1547624412L, 
1391224431L, -51648898L, -1176052611L, 2074195144L, -2049078491L, 
1766571875L, 1532697007L, -1446382291L, -1712654360L, -1065773137L, 
905493253L, 970940078L, -768863051L, -1678261720L, 485952047L, 
15866971L, -1400789901L, 1033933161L, 1528386435L, -323033082L, 
-1248805754L, -1491594621L, -352547343L, 2038452273L, 311830702L, 
937940691L, -2129457470L, 604189808L, -878562544L, -1785786188L, 
-55685009L, 532905316L, 1746439823L, -2060132535L, -652222017L, 
-619721816L, 368459567L, -1747913171L, 979755370L, -413507969L, 
1598387417L, -1331805893L, -2056224761L, -1856457515L, 858115542L, 
-1446436724L, 605323115L, 1244937259L, -1507720112L, 1647750860L, 
1459311233L, -1786734494L, 1160914054L, 116761211L, -1807618808L, 
-1871277974L, -33785945L, -259527131L, 73404288L, 2016546154L, 
-951046283L, 55761183L, 190068141L, 1390951585L, 1220764986L, 
-57419921L, -592837001L, 1456684035L, 1657728925L, 1454525537L, 
1135875359L, 297292269L, -1363599972L, 617564265L, -378586720L, 
54955129L, 723586155L, 1119862965L, -829508426L, -154254512L, 
-1575276456L, 245399334L, 1794831206L, -301127424L, -1547688985L, 
2121000527L, 635513928L, 1169688228L, -1981632373L, 354138723L, 
-794013798L, 1784913825L, 62323081L, 1852413928L, -643746644L, 
-958223747L, -1989468934L, -5147876L, 1270014722L, -1727064653L, 
939716805L, -92492594L, 1115259819L, -1846026871L, -970146967L, 
-2018470054L, 1667630664L, 1520951653L, 1639238383L, -641469515L, 
308182296L, -1533582609L, -1853819643L, 1255605748L, -1494818091L, 
764403530L, -1878780597L, -2096109691L, -62783825L, -898486713L, 
627804731L, -1820849699L, -1971263408L, -1384660548L, -637803165L, 
-251112614L, 822677887L, -411847298L, 756721263L, 1657747796L, 
-1065069950L, -802862975L, -832033428L, 2129122807L, -780227423L, 
1343629787L, -1663027993L, -464554693L, -1459430244L, -1706040284L, 
1668624774L, -866996576L, 221593791L, -660664651L, 1521839191L, 
