.Random.seed <-
c(403L, 1L, 918678907L, 379561241L, 378874280L, 1949343062L, 
567827921L, 592401795L, -431813614L, 1621731236L, -199499929L, 
1496423613L, -841106380L, -397865062L, -817935387L, -1288534145L, 
277231366L, -1900740464L, 1554274611L, -2041663791L, 935582848L, 
-2057613986L, 1476362921L, -21770917L, 610914154L, -302397940L, 
918212175L, 279790341L, -985541700L, 75163282L, -495295091L, 
750794183L, -1872705874L, 2070507272L, 526839051L, 2099334121L, 
-234427208L, 5466982L, 551731201L, -1547841901L, -192360126L, 
-1994391820L, -1721660681L, -1325499667L, 329610628L, 2123185066L, 
-1400839915L, -591385681L, 266703798L, -1634178592L, -210220765L, 
-1033183679L, 6197552L, 1116078926L, -83220039L, -2114137141L, 
1157515386L, 750696828L, 975366591L, 736855701L, -1525441364L, 
808912514L, -1094529443L, -451448489L, 640195646L, -545345416L, 
-1172620453L, -1321384263L, -705479928L, 496701878L, 1312394993L, 
-1792906973L, 42998642L, 186945988L, 1845528967L, 2095747933L, 
490691924L, -1079619718L, -43270459L, -1901842401L, 2791334L, 
1963903280L, 198288339L, 849566193L, -230195424L, 654817726L, 
1900505545L, 396955003L, -1643078838L, -1741681748L, 530182831L, 
-939610011L, -2050064356L, -1987555726L, -1847283475L, -2141126361L, 
-1609822898L, 2111307176L, -1099183701L, -945323319L, 911663832L, 
-243544186L, 886588001L, -1977402381L, 1071550050L, 6543572L, 
1054532055L, 729179085L, 1841178468L, -2128964790L, 515551925L, 
-1969364465L, 1790157590L, -1809855040L, -1105629821L, -1738300511L, 
-1781982320L, 1478019182L, -1271165415L, 1485909675L, 1403138714L, 
-1712189860L, -298226849L, -720894667L, -1054370612L, -1044472286L, 
252678269L, 1280739703L, 708388510L, 1113245016L, 1170441403L, 
349198937L, -161717784L, -1452510186L, -282435695L, -1984683965L, 
1904265042L, -1926665244L, -1358867929L, 107809405L, 175657844L, 
456666970L, 883943845L, -2132113985L, 1238038086L, -1323543344L, 
-1844637965L, -612943855L, -968540608L, 1698222622L, 1130519785L, 
419440155L, 2060342826L, 218671436L, 502010639L, -1813797307L, 
16809980L, 1517422162L, 1812216781L, -1023904377L, 692842606L, 
1391159368L, 2063575627L, 1198737321L, 1421903608L, 1176875558L, 
1244457793L, -2027859757L, -1074359166L, -190999884L, -1409784265L, 
-1927443155L, 389736004L, 936270698L, 994469845L, -434224785L, 
-1866331018L, 1364002720L, -815095709L, 907699457L, 962947184L, 
-157821938L, -541096839L, 438481931L, -994968262L, -1200243652L, 
-1932747905L, -1549694763L, -54244116L, 733120066L, -412804707L, 
-611509225L, -1824677506L, -2138523848L, 510369819L, -1850723975L, 
1270011848L, -179733514L, 1246252593L, -1552545693L, -1438775246L, 
-1227848316L, -2118808633L, -1198334307L, -994052588L, 1467149498L, 
445823237L, -1052329249L, -1899477146L, -1271693584L, 1959667219L, 
-2120372303L, -1110517152L, -1625913346L, 1243031433L, -1266454341L, 
-666743670L, 2090020716L, 1752980719L, -2052475099L, -60145188L, 
-750248014L, 1829152429L, -618127769L, 1120574862L, 918674024L, 
1058707051L, -1121570807L, 2053623448L, -1613362336L, 1641763010L, 
-1223530968L, 1855341996L, -1857380548L, 971233138L, 1593289520L, 
1216164388L, 2118146104L, 1942283482L, 46180752L, -965654788L, 
1040519060L, -925119678L, -681532928L, -858990020L, -2081014192L, 
-853443934L, -1006462136L, -117063156L, -89727780L, -1009350062L, 
-388028288L, -2030646444L, -1549706776L, 1534950138L, 1592133456L, 
1992801324L, 1653179764L, 230135442L, 1241934432L, 163820172L, 
-1678161056L, 1241092834L, 112722088L, 2061316300L, -1011123716L, 
-1161797710L, 915178992L, -1136261692L, 93761368L, -313549958L, 
-1143958096L, 1911323068L, 1994086484L, -1235588158L, -1512766688L, 
-1555595332L, 475228752L, -20750878L, -1438215832L, 1868414284L, 
1033754876L, -343264526L, -1238513920L, 751593076L, -1284351992L, 
605579706L, 615630800L, 709786092L, 2046549908L, -250228014L, 
-187720096L, -218450612L, 1329349920L, -279571838L, 797964776L, 
1574381548L, -988469700L, -518988174L, -1935391888L, 391358756L, 
-449588680L, 1822781850L, -2055972400L, -1742873156L, 1309513876L, 
-530154366L, -986024512L, 996795196L, -49130352L, 312775458L, 
1024650760L, 574815500L, -1444358756L, 1297849874L, 1044204416L, 
-791379180L, -1002729176L, -450786246L, 603266000L, -374033812L, 
757951028L, -131351918L, 571555168L, 1969355084L, 1536559072L, 
-1368398430L, -1518834264L, -520640884L, -98603588L, -244003214L, 
-725738512L, 217814596L, -950638504L, 1366104122L, -571320208L, 
-613832644L, -2072798956L, -118451518L, -762204448L, -471738244L, 
878456528L, -969602654L, 281731112L, 190835468L, 488010172L, 
1526035250L, -1441645888L, -1809710028L, 498484936L, -1680464710L, 
151717520L, -208843028L, -1277064620L, 1997365906L, -1404432096L, 
1098258892L, -226553120L, 644630722L, 1869812776L, -1063876692L, 
1714254524L, -858952718L, -31265232L, -419407964L, 559783352L, 
1041082202L, -399753072L, 2072777596L, -1104199404L, -1521669822L, 
-926344960L, -980185668L, 1973561680L, -1659561694L, 1715118664L, 
1538623500L, -994253220L, 56105426L, -260592128L, 1135201620L, 
-913376024L, -1746978566L, -1890509104L, 1325136684L, -992876300L, 
-1833287278L, -436304544L, 54518796L, -43983648L, 2086736482L, 
-1675807576L, 493249612L, -1903931524L, -402396878L, 450781808L, 
-83127484L, 702049240L, -2089354374L, -1185581008L, 2120535996L, 
-1716463020L, -1738325950L, 765232800L, 625308348L, 464921552L, 
2062308706L, -242147608L, -1252770612L, 432146940L, 947424754L, 
210918528L, -1196348940L, 990589576L, -1159251142L, 1836893520L, 
181994604L, 1150041492L, -343635886L, 38612448L, -1626233652L, 
-1594929504L, -1155071614L, -348942104L, -1202033940L, -1837236932L, 
-107591566L, 1540592240L, -73786844L, 1455540280L, -585823974L, 
1459041488L, 770746684L, -20614252L, -1178609790L, 543669184L, 
-1470065092L, -1224126064L, -1924958174L, 1379826952L, -1434433396L, 
-224297188L, -344638318L, 654896512L, 1932963860L, -515561688L, 
-1881024966L, 794929616L, -632536724L, -467588172L, -2104094190L, 
-1954232352L, 1000843724L, -2069903136L, -231697374L, -53617880L, 
-490559318L, -1586394401L, -969951127L, -2037665154L, -1191605652L, 
-1322891587L, 1408662407L, -2085490832L, 1344738830L, -1625027781L, 
1441290269L, 1323524298L, 928725992L, 1816471761L, -1853311805L, 
1912687556L, -12308366L, 1732690247L, -625283823L, 236927126L, 
-434741772L, 1808813957L, -1856860465L, 835800008L, -232666522L, 
-1653107565L, 210607093L, -66396718L, 278998560L, -232304631L, 
1448789307L, -1968174964L, -1525824230L, -1283626097L, 645895385L, 
-1793516690L, -494920964L, 1616750701L, 1286202391L, 1921095136L, 
856883646L, 1435735947L, -1698228211L, -685191110L, 2076704888L, 
594611233L, -1006047533L, 737160692L, 1267912322L, 1737116439L, 
-1704318495L, -404572378L, 46981668L, 2086900949L, -1722858369L, 
-1010079464L, -1535215562L, -813289789L, 1102021381L, -187291998L, 
590374032L, 1622840377L, -654652181L, 94186972L, 1935840266L, 
266863359L, 830905161L, -285691682L, -1554338164L, 2018052701L, 
-996489113L, -1670933104L, -1623542354L, -1362276261L, -1583015875L, 
1556266666L, 1632815944L, 1662689137L, -273274653L, -232452124L, 
-1503410414L, -1705075993L, 1456340145L, -1291571466L, -1390733036L, 
-243884507L, 607105839L, 425538792L, -806840890L, 134231155L, 
1092034261L, 1593328818L, 1729546368L, 2057004137L, 1551741147L, 
-508316628L, 1869179962L, 599407343L, -956881543L, 1891629582L, 
-616240164L, 1241580621L, -1406707785L, -1306818240L, -1320677346L, 
-761104661L, -1416604051L, 1463344858L, -1436696936L, 461104385L, 
-1053898061L, 373810644L, 103937250L, 1325661559L, 2140234945L, 
-2069555130L, 739395460L, -1364885195L, -403095777L, 1467331192L, 
1706493782L, 673842659L, 734649253L, 855517762L, -897193936L, 
-1631581095L, -1803259445L, -2124144068L, -855815062L, -187150689L, 
513168169L, 967565246L, 1457925804L, 391140349L, -861713593L, 
1386703920L, 481131854L, -1857833605L, -939937059L, -9874678L, 
